$ 3 0.05 382.76258214399064 99 5 50 5e-11
r 112 80 112 160 0 1000
r 112 160 112 256 0 1000
r 112 256 112 352 0 1000
r 112 384 112 448 0 1000
r 112 448 112 528 0 1000
r 112 48 112 -48 0 1000
r 112 -32 112 -112 0 1000
r 112 544 112 640 0 1000
w 112 -112 64 -112 0
R 64 -112 48 -112 0 0 40 5 0 0 0.5
g 112 640 112 672 0 0
a 272 80 320 80 8 5 0 1000000 3.75 3.210848816829953 100000
w 112 48 112 64 0
w 112 -32 112 -48 0
a 272 176 320 176 8 5 0 1000000 3.124999999999999 3.210848816829953 100000
w 272 160 112 160 0
w 272 192 176 192 0
a 272 272 320 272 8 5 0 1000000 2.4999999999999987 3.210848816829953 100000
w 272 256 112 256 0
w 272 288 176 288 0
a 272 368 320 368 8 5 0 1000000 1.8749999999999991 3.210848816829953 100000
w 272 352 112 352 0
a 272 464 320 464 8 5 0 1000000 1.2499999999999996 3.210848816829953 100000
w 272 480 176 480 0
a 272 560 320 560 8 5 0 1000000 0.6249999999999997 3.210848816829953 100000
w 272 544 112 544 0
w 272 576 176 576 0
w 272 64 112 64 0
w 272 96 176 96 0
a 272 -16 336 -16 8 5 0 1000000 4.375 3.210848816829953 100000
w 272 -32 240 -32 0
154 544 352 640 352 0 3 0 5
w 320 272 432 272 0
w 432 272 432 352 0
w 320 464 432 464 0
w 432 368 432 400 0
154 560 544 640 544 0 7 5 5
w 432 400 432 464 0
w 176 384 272 384 0
w 560 496 528 496 0
w 512 448 512 512 0
w 560 512 512 512 0
w 560 528 496 528 0
w 320 176 496 176 0
w 496 528 496 512 0
w 560 544 480 544 0
w 560 560 464 560 0
w 560 576 448 576 0
w 320 368 400 368 0
w 400 368 400 576 0
w 400 576 448 576 0
w 560 592 352 592 0
w 352 592 352 560 0
w 352 560 320 560 0
157 2624 272 2656 272 0 7 0 0
w 2480 272 2624 272 0
w 112 448 272 448 0
w 112 528 112 544 0
w 112 384 112 352 0
w 112 80 112 64 0
w 272 0 176 0 0
w 176 -112 176 0 0
w 176 0 176 96 0
w 176 96 176 192 0
w 176 192 176 288 0
w 176 288 176 384 0
w 176 384 176 480 0
w 176 480 176 576 0
w 320 80 512 80 0
w 464 560 464 368 0
w 432 368 464 368 0
w 464 368 544 368 0
w 480 544 480 352 0
w 480 352 544 352 0
w 432 352 480 352 0
w 2624 304 2480 304 0
w 2624 336 2480 336 0
w 528 496 528 -16 0
w 336 -16 528 -16 0
w 496 176 496 336 0
w 496 336 496 512 0
w 512 448 512 416 0
w 544 336 512 336 0
w 512 336 512 416 0
w 512 336 512 80 0
197 2352 272 2368 272 0
w 2624 368 2480 368 0
w 2688 400 2688 416 0
w 2688 416 2592 416 0
w 2592 416 2592 400 0
w 2592 400 2480 400 0
w 2480 432 2720 432 0
w 2720 432 2720 400 0
w 2480 464 2752 464 0
w 2752 400 2752 464 0
g 2352 272 2352 128 0 0
w 240 -32 112 -32 0
w 176 592 176 576 0
r 240 -192 240 -112 0 20000
w 240 -208 240 -192 0
g 240 -112 288 -112 0 0
w 240 -208 240 -240 0
374 240 -320 240 -240 0 0.9307000000000001 Light\sBrightness
R 240 -336 240 -368 0 0 40 5 0 0 0.5
w 240 -320 240 -336 0
w 176 -128 176 -192 0
w 176 -128 176 -112 0
w 176 -192 240 -192 2
w 1344 -192 1328 -192 0
w 1344 -224 1328 -224 0
g 1232 -112 1232 -64 0 0
R 1328 -128 1328 -96 0 0 40 4 0 0 0.5
w 1328 -192 1328 -128 0
w 1232 -176 1232 -224 0
w 1232 -224 1328 -224 0
c 1232 -176 1232 -112 0 0.00009999999999999999 6.03e-322 0
r 1232 -304 1232 -224 0 186000
r 1248 -640 1248 -560 0 186000
w 1248 -560 1344 -560 0
w 1344 -528 1344 -464 0
R 1344 -464 1344 -432 0 0 40 4 0 0 0.5
w 1360 -560 1344 -560 0
w 1360 -528 1344 -528 0
a 1024 -640 1120 -640 8 5 0 1000000 0 4 100000
R 1024 -624 1024 -576 0 0 40 4 0 0 0.5
w 1024 -656 864 -656 0
w 1232 -304 880 -304 0
w 880 -304 864 -304 0
a 1360 -544 1440 -544 9 5 0 1000000 4 4.959288757972475 100000
a 1344 -208 1424 -208 9 15 0 1000000 4 6.03e-322 100000
w 1248 -544 1248 -560 0
w 1120 -640 1152 -640 0
w 1184 -640 1248 -640 0
w 1152 -640 1184 -640 0
g 1248 -448 1248 -416 0 0
c 1248 -496 1248 -464 0 0.00009999999999999999 4.959288757972475 0.001
w 1248 -464 1248 -448 0
f 1168 -512 1184 -512 32 1.5 0.02
w 1184 -528 1248 -528 0
w 1248 -544 1248 -528 0
w 1248 -528 1248 -496 0
w 864 -656 864 -528 0
w 1168 -512 864 -512 0
w 864 -528 864 -512 0
w 864 -512 864 -304 0
f 1152 -128 1184 -128 32 1.5 0.02
w 1184 -144 1184 -176 0
w 1184 -176 1232 -176 0
w 1184 -112 1232 -112 0
w 1248 -448 1184 -448 0
w 1184 -496 1184 -448 0
w 1120 -640 1120 -128 0
w 1152 -128 1120 -128 0
155 1584 -384 1648 -384 0 0
w 1584 -384 1584 -704 0
w 1584 -704 1488 -704 0
w 1488 -704 864 -704 0
w 864 -704 864 -656 0
152 1504 -352 1568 -352 0 2 5 5
w 1568 -352 1584 -352 0
w 1504 -368 1456 -368 0
w 1440 -544 1440 -368 0
w 1456 -368 1440 -368 0
w 1504 -336 1440 -336 0
w 1440 -336 1440 -208 0
w 1440 -208 1424 -208 0
w 1344 560 1328 560 0
w 1344 528 1328 528 0
g 1232 640 1232 688 0 0
R 1328 624 1328 656 0 0 40 4 0 0 0.5
w 1328 560 1328 624 0
w 1232 576 1232 528 0
w 1232 528 1328 528 0
c 1232 576 1232 640 0 0.00009999999999999999 5.34e-322 0
r 1232 448 1232 528 0 186000
r 1248 112 1248 192 0 186000
w 1248 192 1344 192 0
w 1344 224 1344 288 0
R 1344 288 1344 320 0 0 40 4 0 0 0.5
w 1360 192 1344 192 0
w 1360 224 1344 224 0
a 1024 112 1120 112 8 5 0 1000000 0 4 100000
R 1024 128 1024 176 0 0 40 4 0 0 0.5
w 1024 96 864 96 0
w 1232 448 880 448 0
w 880 448 864 448 0
a 1360 208 1440 208 9 5 0 1000000 4 4.959288757971215 100000
a 1344 544 1424 544 9 15 0 1000000 4 5.34e-322 100000
w 1248 208 1248 192 0
w 1120 112 1152 112 0
w 1184 112 1248 112 0
w 1152 112 1184 112 0
g 1248 304 1248 336 0 0
c 1248 256 1248 288 0 0.00009999999999999999 4.959288757971215 0.001
w 1248 288 1248 304 0
f 1168 240 1184 240 32 1.5 0.02
w 1184 224 1248 224 0
w 1248 208 1248 224 0
w 1248 224 1248 256 0
w 864 96 864 224 0
w 1168 240 864 240 0
w 864 224 864 240 0
w 864 240 864 448 0
f 1152 624 1184 624 32 1.5 0.02
w 1184 608 1184 576 0
w 1184 576 1232 576 0
w 1184 640 1232 640 0
w 1248 304 1184 304 0
w 1184 256 1184 304 0
w 1120 112 1120 624 0
w 1152 624 1120 624 0
155 1584 368 1648 368 0 0
w 1584 368 1584 48 0
w 1584 48 1488 48 0
w 1488 48 864 48 0
w 864 48 864 96 0
152 1504 400 1568 400 0 2 5 5
w 1568 400 1584 400 0
w 1504 384 1456 384 0
w 1440 208 1440 384 0
w 1456 384 1440 384 0
w 1504 416 1440 416 0
w 1440 416 1440 544 0
w 1440 544 1424 544 0
w 1360 1520 1344 1520 0
w 1360 1488 1344 1488 0
g 1248 1600 1248 1648 0 0
R 1344 1584 1344 1616 0 0 40 4 0 0 0.5
w 1344 1520 1344 1584 0
w 1248 1536 1248 1488 0
w 1248 1488 1344 1488 0
c 1248 1536 1248 1600 0 0.00009999999999999999 -5.34e-322 0
r 1248 1408 1248 1488 0 186000
r 1264 1072 1264 1152 0 186000
w 1264 1152 1360 1152 0
w 1360 1184 1360 1248 0
R 1360 1248 1360 1280 0 0 40 4 0 0 0.5
w 1376 1152 1360 1152 0
w 1376 1184 1360 1184 0
a 1040 1072 1136 1072 8 5 0 1000000 0 4 100000
R 1040 1088 1040 1136 0 0 40 4 0 0 0.5
w 1040 1056 880 1056 0
w 1248 1408 896 1408 0
w 896 1408 880 1408 0
a 1376 1168 1456 1168 9 5 0 1000000 4 4.9592887579712155 100000
a 1360 1504 1440 1504 9 15 0 1000000 4 -5.34e-322 100000
w 1264 1168 1264 1152 0
w 1136 1072 1168 1072 0
w 1200 1072 1264 1072 0
w 1168 1072 1200 1072 0
g 1264 1264 1264 1296 0 0
c 1264 1216 1264 1248 0 0.00009999999999999999 4.9592887579712155 0.001
w 1264 1248 1264 1264 0
f 1184 1200 1200 1200 32 1.5 0.02
w 1200 1184 1264 1184 0
w 1264 1168 1264 1184 0
w 1264 1184 1264 1216 0
w 880 1056 880 1184 0
w 1184 1200 880 1200 0
w 880 1184 880 1200 0
w 880 1200 880 1408 0
f 1168 1584 1200 1584 32 1.5 0.02
w 1200 1568 1200 1536 0
w 1200 1536 1248 1536 0
w 1200 1600 1248 1600 0
w 1264 1264 1200 1264 0
w 1200 1216 1200 1264 0
w 1136 1072 1136 1584 0
w 1168 1584 1136 1584 0
155 1600 1328 1664 1328 0 0
w 1600 1328 1600 1008 0
w 1600 1008 1504 1008 0
w 1504 1008 880 1008 0
w 880 1008 880 1056 0
152 1520 1360 1584 1360 0 2 5 5
w 1584 1360 1600 1360 0
w 1520 1344 1472 1344 0
w 1456 1168 1456 1344 0
w 1472 1344 1456 1344 0
w 1520 1376 1456 1376 0
w 1456 1376 1456 1504 0
w 1456 1504 1440 1504 0
w 864 -656 720 -656 0
w 720 -656 720 -640 0
w 432 272 640 272 0
w 720 -640 712 -40 0
w 640 272 704 272 0
w 640 352 736 352 0
w 800 336 800 96 0
w 864 96 800 96 0
w 880 1056 800 1056 0
w 816 800 816 544 0
w 640 544 816 544 0
w 2352 304 2256 304 0
w 2256 304 2256 -368 0
w 1680 -384 1896 -384 0
w 1680 368 1888 368 0
w 1848 1328 1696 1328 0
w 176 -192 192 -2928 2
w 200 -2928 504 -2928 0
a 712 -2912 984 -2912 8 5 -5 1000000 0.0000321078460113793 0 100000
r 504 -2928 616 -2928 0 33000
w 616 -2928 712 -2928 0
g 712 -2896 712 -2784 0 0
r 712 -3040 984 -3040 0 33000
w 712 -2928 712 -3040 0
w 984 -3040 984 -2912 0
w 984 -2912 1240 -2912 0
r 1240 -2912 1304 -2912 0 136000
w 1304 -2912 1384 -2912 0
a 1384 -2896 1560 -2896 8 5 -5 1000000 -0.000010326313930222273 0 100000
g 1384 -2880 1384 -2752 0 0
w 1384 -2912 1384 -3008 0
w 1560 -2896 1560 -3008 0
w 1544 -3008 1560 -3008 0
w 1384 -3008 1384 -3064 0
s 1384 -3216 1544 -3216 0 1 false
w 1560 -3008 1560 -3216 2
w 1560 -3216 1544 -3216 0
178 3192 -2720 3352 -2720 6 1 0.2 0.25 0.05 1000000 0.02 20 0.015 0.005 1
w 1560 -2896 3176 -2896 0
w 3192 -2896 3192 -2720 0
w 3120 -3064 1384 -3064 2
w 3352 -3008 3352 -2736 0
w 3176 -2896 3192 -2896 0
g 3352 -2688 3424 -2688 0 0
w 3080 -2392 3160 -2392 0
I 2904 -2392 3080 -2392 0 0.5 5
d 2808 -2392 2872 -2392 2 default
w 2872 -2392 2904 -2392 0
g 2136 -2264 2136 -2216 0 0
w 2328 -2408 2392 -2408 0
w 2328 -2408 2328 -2312 0
w 2328 -2504 2328 -2408 0
r 2136 -2312 2136 -2264 0 1000
r 2136 -2312 2328 -2312 0 1000
w 2136 -2392 2136 -2312 0
w 2168 -2392 2136 -2392 0
w 2136 -2424 2136 -2504 0
w 2168 -2424 2136 -2424 0
a 2168 -2408 2328 -2408 8 5 -5 1000000 1.6511943911163864 2.500042439902439 100000
r 2136 -2504 2328 -2504 0 136000
c 1992 -2504 2136 -2504 0 0.001 -1.6511943911163864 0.001
g 1992 -2504 1992 -2472 0 0
w 3192 -2688 3192 -2392 0
w 3160 -2392 3192 -2392 0
w 200 -2928 192 -2928 0
w 3016 -1832 3096 -1832 0
w 2296 -1536 2568 -1536 0
w 2312 -1712 2576 -1712 0
155 2568 -1536 2672 -1536 0 0
155 2576 -1712 2680 -1712 0 5
155 2568 -1304 2672 -1304 0 0
w 2568 -1304 2296 -1304 0
w 2672 -1712 2968 -1712 0
w 2664 -1536 2952 -1536 0
w 2664 -1304 2960 -1304 0
w 2568 -1272 2472 -1272 0
w 2472 -1272 2472 -1504 0
w 2472 -1504 2568 -1504 0
w 2472 -1504 2472 -1680 0
w 2576 -1680 2472 -1680 0
w 2472 -1680 2472 -1816 0
w 2472 -1816 2328 -1816 0
w 2296 -1536 2296 -1624 0
w 2968 -1712 2968 -1568 0
w 2296 -1304 2296 -1488 0
w 2960 -1504 2960 -1304 0
g 3096 -1792 3096 -1768 0 0
w 3096 -1832 3096 -1792 0
w 3016 -1600 3016 -1832 0
w 2968 -1568 3016 -1568 0
w 2952 -1536 3016 -1536 0
w 2960 -1504 3016 -1504 0
w 2056 -1608 2112 -1608 0
w 2056 -1712 2312 -1712 0
w 3624 -1536 3520 -1536 0
w 3624 -1280 3624 -1536 0
w 3256 -1280 3624 -1280 0
w 3256 -1288 3256 -1280 0
w 3256 -1408 3256 -1288 0
w 3144 -1408 3256 -1408 0
w 3600 -1568 3520 -1568 0
w 3600 -1304 3600 -1568 0
w 3288 -1304 3600 -1304 0
w 3288 -1440 3288 -1304 0
w 3144 -1440 3288 -1440 0
w 3576 -1600 3520 -1600 0
w 3576 -1328 3576 -1600 0
w 3312 -1328 3576 -1328 0
w 3312 -1472 3312 -1328 0
w 3144 -1472 3312 -1472 0
w 3144 -1504 3328 -1504 0
w 3144 -1536 3328 -1536 0
g 3520 -1416 3520 -1376 0 0
r 3520 -1504 3520 -1416 0 330
w 3144 -1568 3328 -1568 0
w 3144 -1600 3328 -1600 0
197 3016 -1600 3224 -1600 0
a 1608 -1920 1768 -1920 8 15 -15 1000000 4.375 1.0326313930222273 100000
a 1608 -1840 1768 -1840 8 15 -15 1000000 3.75 1.0326313930222273 100000
a 1608 -1760 1768 -1760 8 15 -15 1000000 3.124999999999999 1.0326313930222273 100000
a 1608 -1680 1768 -1680 8 15 -15 1000000 2.499999999999999 1.0326313930222273 100000
a 1608 -1600 1768 -1600 8 15 -15 1000000 1.8749999999999993 1.0326313930222273 100000
a 1608 -1520 1768 -1520 8 15 -15 1000000 1.2499999999999993 1.0326313930222273 100000
a 1608 -1440 1768 -1440 8 15 -15 1000000 0.6249999999999997 1.0326313930222273 100000
w 1608 -1936 1480 -1936 0
w 1608 -1856 1480 -1856 0
w 1608 -1776 1416 -1776 0
w 1608 -1696 1416 -1696 0
w 1608 -1616 1416 -1616 0
w 1608 -1536 1416 -1536 0
w 1608 -1456 1416 -1456 0
r 1416 -2000 1416 -1936 0 1000
w 1416 -1936 1416 -1920 2
r 1416 -1920 1416 -1856 0 1000
w 1416 -1856 1416 -1840 0
w 1480 -1936 1416 -1936 0
w 1480 -1856 1416 -1856 0
w 1416 -1840 1416 -1824 2
r 1416 -1824 1416 -1776 0 1000
w 1416 -1776 1416 -1760 2
r 1416 -1760 1416 -1696 0 1000
w 1416 -1696 1416 -1680 2
r 1416 -1680 1416 -1616 0 1000
w 1416 -1616 1416 -1600 2
r 1416 -1600 1416 -1552 0 1000
w 1416 -1552 1416 -1536 2
r 1416 -1536 1416 -1488 0 1000
w 1416 -1488 1416 -1472 0
w 1416 -1472 1416 -1456 2
r 1416 -1456 1416 -1408 0 1000
w 1416 -1408 1416 -1392 0
g 1416 -1392 1416 -1360 0 0
w 1544 -1992 1544 -1904 0
w 1544 -1904 1608 -1904 0
w 1544 -1904 1544 -1824 0
w 1544 -1824 1608 -1824 0
w 1544 -1824 1544 -1744 0
w 1544 -1744 1608 -1744 0
w 1544 -1744 1544 -1664 0
w 1544 -1664 1608 -1664 0
w 1544 -1664 1544 -1584 0
w 1544 -1584 1608 -1584 0
w 1544 -1584 1544 -1504 0
w 1544 -1504 1608 -1504 0
w 1544 -1504 1544 -1424 0
w 1544 -1424 1608 -1424 0
157 3328 -1600 3424 -1600 0 7 0 1
w 1768 -1920 1912 -1920 0
w 1768 -1840 1864 -1840 0
w 1768 -1760 1832 -1760 0
w 1768 -1680 1832 -1680 0
w 1832 -1680 1832 -1712 0
w 1912 -1712 1832 -1712 0
154 2112 -1624 2296 -1624 0 3 0 5
154 2088 -1488 2296 -1488 0 7 5 5
w 1912 -1920 2024 -1920 0
w 2024 -1920 2024 -1536 0
w 2024 -1536 2088 -1536 0
w 2072 -1840 2072 -1640 0
w 2072 -1640 2112 -1640 0
w 2088 -1520 1992 -1520 0
w 1992 -1520 1992 -1840 0
w 1864 -1840 1992 -1840 0
w 1992 -1840 2072 -1840 0
w 1832 -1760 1976 -1760 0
w 1976 -1760 1976 -1504 0
w 1976 -1504 2088 -1504 0
w 2088 -1488 1960 -1488 0
w 1960 -1488 1960 -1680 0
w 1960 -1680 1960 -1712 0
w 2112 -1624 2056 -1624 0
w 2056 -1624 2056 -1712 0
w 1912 -1712 1960 -1712 0
w 1960 -1712 2056 -1712 0
w 1768 -1600 1928 -1600 0
w 1928 -1600 1928 -1472 0
w 1928 -1472 2088 -1472 0
w 1768 -1440 1928 -1440 0
w 1768 -1520 1896 -1520 0
w 1896 -1520 1896 -1456 0
w 1896 -1456 2088 -1456 0
w 1896 -1520 1896 -1608 0
w 1896 -1608 2056 -1608 0
w 1928 -1440 2088 -1440 0
w 1568 -2000 1560 -2896 2
w 1544 -1992 1568 -1992 0
w 1568 -1992 1568 -2000 0
R 1416 -2000 1416 -2096 0 0 40 5 0 0 0.5
c 2392 -2408 2528 -2408 0 0.01 4.99993891907307 0.001
w 2808 -2392 2800 -2392 0
w 2528 -2408 2696 -2408 0
w 2696 -2408 2696 -2392 0
w 2696 -2392 2800 -2392 0
r 2696 -2392 2696 -2264 0 1000
w 2696 -2264 2136 -2264 0
w 2328 -1816 2328 -2312 0
w 3352 -3064 3352 -3008 0
w 1384 -3064 1384 -3216 0
c 1384 -3008 1544 -3008 0 0.0021999999999999997 -1.0326417193361574 0.001
w 2256 360 2256 336 0
w 2256 336 2352 336 0
152 2008 1312 2184 1312 0 2 5 5
152 1992 -368 2160 -368 0 2 5 5
152 1992 384 2168 384 0 2 0 5
w 2160 -368 2256 -368 0
w 2168 384 2256 384 0
w 2256 384 2256 360 0
w 2352 368 2352 1312 0
w 2184 1312 2352 1312 0
S 736 352 800 352 0 1 false 0 2
w 800 368 800 432 0
w 800 432 800 512 0
w 800 512 1016 512 0
w 1016 512 1016 736 0
w 1016 736 1992 728 0
w 1992 400 1992 728 0
w 704 272 704 72 0
w 704 72 728 72 0
w 728 72 728 48 0
S 728 48 728 -16 0 1 false 0 2
w 712 -40 712 -16 0
w 744 -16 1280 -16 0
w 1280 -16 1992 -24 0
w 1992 -352 1992 -24 0
S 816 800 816 888 0 0 false 0 2
w 800 888 800 1056 0
w 832 888 1864 880 0
w 2008 1296 2008 880 0
w 2008 880 1992 880 0
s 1896 -384 1992 -384 0 1 false
s 1888 368 1992 368 0 1 false
s 1848 1328 1976 1328 0 1 false
w 1976 1328 2008 1328 0
w 1864 880 1992 880 0
r 3120 -3064 3352 -3064 0 1000
o 294 64 0 4099 5 0.00009765625 0 2 294 3
o 507 64 0 4099 0.0000762939453125 0.00009765625 1 2 507 3
o 509 64 0 4099 5 0.00009765625 2 2 509 3
o 486 64 0 4099 5 0.00009765625 3 2 486 3
o 298 64 0 4099 5 0.00009765625 4 2 298 3
38 341 F1 0 1 100000 -1 Resistance
38 117 F1 0 186000 1860000 -1 Resistance\s1.1
38 116 F1 0 186000 1860000 -1 Resistance\s1.2
38 175 F1 0 186000 1860000 -1 Resistance\s2.1
38 174 F1 0 186000 1860000 -1 Resistance\s2.2
38 233 F1 0 186000 1860000 -1 Resistance\s3.1
38 232 F1 0 186000 1860000 -1 Resistance\s3.2
38 308 F1 0 1 100000 -1 Resistance\samplify
